C:\Users\ESP\Documents\GitHub\AI-2014\RESIZED_30x30\A1.jpg [25, 0, 0, 0, 50, 70, 100, 50, 100, 100, 70, 100, 55, 100, 100, 60, 80, 40, 80, 85, 30, 0, 0, 0, 50]
C:\Users\ESP\Documents\GitHub\AI-2014\RESIZED_30x30\A2.jpg [45, 35, 15, 30, 70, 70, 100, 55, 100, 100, 70, 100, 55, 100, 100, 70, 100, 55, 100, 100, 55, 20, 10, 20, 65]
C:\Users\ESP\Documents\GitHub\AI-2014\RESIZED_30x30\A3.jpg [40, 75, 35, 75, 85, 65, 100, 55, 100, 100, 70, 100, 55, 100, 100, 70, 100, 55, 100, 100, 75, 55, 25, 65, 80]
C:\Users\ESP\Documents\GitHub\AI-2014\RESIZED_30x30\A4.jpg [75, 40, 35, 75, 85, 50, 95, 55, 100, 100, 70, 100, 55, 100, 100, 40, 85, 55, 100, 100, 100, 55, 30, 60, 85]
C:\Users\ESP\Documents\GitHub\AI-2014\RESIZED_30x30\A5.jpg [85, 35, 30, 75, 85, 55, 95, 55, 100, 100, 70, 100, 55, 100, 100, 60, 95, 55, 100, 100, 100, 45, 30, 60, 85]
C:\Users\ESP\Documents\GitHub\AI-2014\RESIZED_30x30\A6.jpg [75, 40, 35, 75, 85, 65, 100, 55, 100, 100, 70, 100, 55, 100, 100, 70, 100, 55, 100, 100, 80, 30, 25, 65, 80]
C:\Users\ESP\Documents\GitHub\AI-2014\RESIZED_30x30\A7.jpg [60, 40, 35, 75, 85, 70, 100, 55, 100, 100, 70, 100, 55, 100, 100, 40, 95, 55, 100, 100, 85, 40, 25, 65, 80]
C:\Users\ESP\Documents\GitHub\AI-2014\RESIZED_30x30\A8.jpg [60, 30, 15, 30, 70, 70, 100, 55, 100, 100, 70, 100, 55, 100, 100, 55, 95, 55, 100, 100, 90, 25, 10, 20, 65]
C:\Users\ESP\Documents\GitHub\AI-2014\RESIZED_30x30\A9.jpg [85, 45, 45, 75, 85, 45, 100, 65, 95, 100, 70, 100, 65, 100, 100, 55, 100, 65, 100, 100, 85, 20, 35, 55, 85]
C:\Users\ESP\Documents\GitHub\AI-2014\RESIZED_30x30\A10.jpg [100, 75, 30, 55, 80, 55, 65, 50, 100, 100, 70, 100, 55, 100, 100, 70, 95, 50, 100, 100, 90, 75, 45, 40, 80]
C:\Users\ESP\Documents\GitHub\AI-2014\RESIZED_30x30\B1.jpg [20, 0, 0, 0, 50, 50, 100, 40, 100, 60, 50, 100, 40, 100, 65, 35, 90, 25, 95, 65, 85, 5, 80, 5, 70]
C:\Users\ESP\Documents\GitHub\AI-2014\RESIZED_30x30\B2.jpg [40, 75, 20, 75, 60, 50, 100, 40, 100, 65, 50, 100, 20, 95, 65, 40, 75, 25, 75, 60, 95, 80, 95, 75, 95]
C:\Users\ESP\Documents\GitHub\AI-2014\RESIZED_30x30\B3.jpg [40, 75, 20, 75, 60, 50, 100, 40, 100, 65, 50, 85, 30, 100, 65, 80, 45, 65, 60, 75, 100, 100, 100, 85, 95]
C:\Users\ESP\Documents\GitHub\AI-2014\RESIZED_30x30\B4.jpg [40, 75, 20, 75, 60, 50, 100, 40, 100, 65, 50, 85, 35, 100, 65, 40, 60, 35, 80, 60, 100, 95, 100, 95, 95]
C:\Users\ESP\Documents\GitHub\AI-2014\RESIZED_30x30\B5.jpg [40, 75, 20, 75, 60, 50, 100, 40, 100, 65, 50, 100, 40, 100, 65, 40, 70, 35, 100, 65, 90, 70, 80, 60, 80]
C:\Users\ESP\Documents\GitHub\AI-2014\RESIZED_30x30\B6.jpg [40, 75, 20, 75, 60, 50, 100, 40, 100, 65, 50, 100, 40, 100, 65, 50, 90, 25, 90, 60, 45, 25, 70, 45, 95]
C:\Users\ESP\Documents\GitHub\AI-2014\RESIZED_30x30\B7.jpg [40, 75, 20, 75, 60, 50, 100, 40, 100, 65, 50, 100, 35, 100, 65, 35, 80, 0, 95, 60, 90, 75, 90, 45, 85]
C:\Users\ESP\Documents\GitHub\AI-2014\RESIZED_30x30\B8.jpg [40, 75, 20, 75, 60, 50, 100, 40, 100, 65, 50, 95, 35, 100, 65, 50, 70, 30, 95, 65, 80, 45, 85, 35, 60]
C:\Users\ESP\Documents\GitHub\AI-2014\RESIZED_30x30\B9.jpg [35, 30, 10, 70, 60, 50, 100, 40, 100, 65, 50, 80, 35, 100, 65, 40, 55, 25, 95, 65, 100, 100, 90, 55, 80]
C:\Users\ESP\Documents\GitHub\AI-2014\RESIZED_30x30\B10.jpg [95, 85, 85, 85, 90, 35, 45, 30, 90, 60, 50, 100, 40, 100, 65, 50, 90, 35, 100, 65, 60, 50, 55, 65, 60]
C:\Users\ESP\Documents\GitHub\AI-2014\RESIZED_30x30\C1.jpg [90, 20, 30, 20, 90, 45, 95, 100, 95, 45, 65, 100, 100, 100, 50, 50, 95, 100, 95, 45, 80, 85, 100, 85, 90]
C:\Users\ESP\Documents\GitHub\AI-2014\RESIZED_30x30\C2.jpg [90, 50, 70, 25, 95, 65, 100, 100, 95, 55, 65, 100, 100, 100, 50, 65, 100, 100, 100, 45, 85, 95, 100, 95, 85]
C:\Users\ESP\Documents\GitHub\AI-2014\RESIZED_30x30\C3.jpg [90, 20, 75, 70, 80, 50, 95, 100, 100, 45, 65, 100, 100, 100, 50, 65, 100, 100, 70, 45, 90, 100, 100, 100, 100]
C:\Users\ESP\Documents\GitHub\AI-2014\RESIZED_30x30\C4.jpg [90, 45, 70, 60, 75, 50, 95, 100, 100, 45, 65, 100, 100, 100, 50, 80, 95, 100, 95, 50, 90, 95, 100, 100, 95]
C:\Users\ESP\Documents\GitHub\AI-2014\RESIZED_30x30\C5.jpg [80, 30, 75, 70, 50, 65, 100, 100, 100, 50, 65, 100, 100, 100, 50, 45, 95, 100, 55, 90, 100, 95, 100, 100, 100]
C:\Users\ESP\Documents\GitHub\AI-2014\RESIZED_30x30\C6.jpg [90, 45, 70, 70, 50, 50, 95, 100, 100, 50, 65, 100, 100, 100, 50, 65, 100, 100, 90, 60, 85, 95, 100, 85, 95]
C:\Users\ESP\Documents\GitHub\AI-2014\RESIZED_30x30\C7.jpg [90, 50, 80, 25, 95, 65, 100, 100, 100, 45, 65, 100, 100, 100, 50, 65, 100, 100, 90, 45, 60, 100, 100, 95, 95]
C:\Users\ESP\Documents\GitHub\AI-2014\RESIZED_30x30\C8.jpg [80, 70, 75, 70, 85, 65, 100, 100, 100, 50, 65, 100, 100, 100, 50, 50, 95, 100, 90, 65, 100, 100, 100, 85, 95]
C:\Users\ESP\Documents\GitHub\AI-2014\RESIZED_30x30\C9.jpg [100, 90, 85, 85, 95, 80, 55, 90, 75, 65, 60, 95, 100, 100, 50, 65, 100, 100, 100, 50, 65, 90, 100, 85, 70]
C:\Users\ESP\Documents\GitHub\AI-2014\RESIZED_30x30\C10.jpg [95, 80, 60, 55, 90, 65, 90, 100, 100, 45, 65, 100, 100, 100, 50, 65, 100, 100, 100, 50, 45, 95, 100, 95, 75]
C:\Users\ESP\Documents\GitHub\AI-2014\RESIZED_30x30\D1.jpg [20, 0, 0, 0, 35, 50, 100, 100, 100, 45, 45, 95, 100, 95, 45, 35, 60, 80, 45, 55, 100, 25, 0, 45, 95]
C:\Users\ESP\Documents\GitHub\AI-2014\RESIZED_30x30\D2.jpg [40, 75, 75, 75, 45, 50, 100, 100, 100, 50, 50, 100, 100, 80, 80, 80, 95, 100, 70, 95, 90, 25, 55, 40, 95]
C:\Users\ESP\Documents\GitHub\AI-2014\RESIZED_30x30\D3.jpg [40, 70, 30, 30, 40, 50, 100, 100, 100, 50, 50, 100, 100, 100, 50, 40, 90, 100, 75, 85, 95, 80, 55, 45, 95]
C:\Users\ESP\Documents\GitHub\AI-2014\RESIZED_30x30\D4.jpg [40, 75, 75, 75, 45, 50, 100, 100, 100, 50, 50, 100, 100, 100, 50, 40, 85, 100, 85, 65, 100, 55, 60, 75, 95]
C:\Users\ESP\Documents\GitHub\AI-2014\RESIZED_30x30\D5.jpg [25, 30, 30, 30, 40, 50, 100, 100, 100, 50, 50, 100, 100, 100, 50, 80, 85, 100, 100, 50, 100, 15, 20, 20, 70]
C:\Users\ESP\Documents\GitHub\AI-2014\RESIZED_30x30\D6.jpg [40, 75, 75, 75, 45, 50, 100, 100, 100, 50, 45, 95, 100, 100, 45, 75, 60, 80, 45, 85, 100, 80, 75, 85, 100]
C:\Users\ESP\Documents\GitHub\AI-2014\RESIZED_30x30\D7.jpg [40, 75, 75, 75, 45, 50, 100, 100, 100, 50, 45, 95, 100, 85, 50, 80, 25, 60, 60, 95, 100, 100, 100, 100, 100]
C:\Users\ESP\Documents\GitHub\AI-2014\RESIZED_30x30\D8.jpg [40, 75, 75, 75, 45, 50, 100, 100, 100, 50, 50, 100, 100, 95, 45, 40, 90, 100, 70, 90, 90, 40, 60, 45, 95]
C:\Users\ESP\Documents\GitHub\AI-2014\RESIZED_30x30\D9.jpg [95, 85, 85, 85, 90, 45, 90, 90, 90, 45, 50, 100, 100, 100, 50, 50, 100, 100, 85, 50, 70, 70, 65, 25, 95]
C:\Users\ESP\Documents\GitHub\AI-2014\RESIZED_30x30\D10.jpg [95, 85, 85, 85, 90, 35, 50, 50, 50, 40, 50, 100, 100, 100, 50, 50, 100, 100, 100, 50, 85, 50, 65, 50, 70]
C:\Users\ESP\Documents\GitHub\AI-2014\RESIZED_30x30\E1.jpg [35, 0, 0, 0, 35, 50, 100, 35, 100, 50, 50, 100, 35, 100, 50, 50, 100, 35, 100, 50, 50, 100, 35, 100, 50]
C:\Users\ESP\Documents\GitHub\AI-2014\RESIZED_30x30\E2.jpg [40, 0, 0, 0, 45, 50, 100, 35, 100, 50, 50, 100, 35, 100, 50, 50, 100, 35, 100, 50, 50, 100, 100, 100, 50]
C:\Users\ESP\Documents\GitHub\AI-2014\RESIZED_30x30\E3.jpg [90, 30, 15, 60, 70, 50, 100, 35, 100, 50, 50, 100, 35, 100, 50, 50, 100, 35, 100, 50, 50, 100, 35, 100, 50]
C:\Users\ESP\Documents\GitHub\AI-2014\RESIZED_30x30\E4.jpg [90, 35, 15, 30, 50, 45, 95, 35, 100, 50, 50, 100, 35, 100, 50, 50, 100, 55, 100, 50, 50, 100, 100, 100, 55]
C:\Users\ESP\Documents\GitHub\AI-2014\RESIZED_30x30\E5.jpg [45, 75, 15, 75, 45, 50, 100, 35, 100, 50, 50, 100, 35, 100, 50, 50, 100, 35, 100, 50, 80, 100, 100, 100, 80]
C:\Users\ESP\Documents\GitHub\AI-2014\RESIZED_30x30\E6.jpg [45, 75, 15, 75, 45, 50, 100, 35, 100, 50, 50, 100, 35, 100, 50, 50, 100, 90, 100, 50, 95, 100, 100, 100, 90]
C:\Users\ESP\Documents\GitHub\AI-2014\RESIZED_30x30\E7.jpg [50, 55, 40, 45, 45, 50, 100, 35, 100, 50, 50, 100, 35, 100, 50, 50, 100, 55, 100, 50, 50, 100, 100, 100, 50]
C:\Users\ESP\Documents\GitHub\AI-2014\RESIZED_30x30\E8.jpg [100, 90, 20, 60, 80, 85, 75, 35, 100, 45, 50, 95, 35, 100, 50, 50, 100, 35, 100, 50, 95, 100, 90, 100, 90]
C:\Users\ESP\Documents\GitHub\AI-2014\RESIZED_30x30\E9.jpg [100, 90, 50, 50, 95, 75, 50, 30, 85, 65, 50, 95, 35, 100, 50, 50, 100, 35, 100, 50, 50, 100, 90, 100, 50]
C:\Users\ESP\Documents\GitHub\AI-2014\RESIZED_30x30\E10.jpg [100, 95, 85, 90, 100, 90, 25, 25, 40, 80, 85, 95, 35, 100, 50, 50, 100, 35, 100, 50, 50, 100, 50, 100, 50]
C:\Users\ESP\Documents\GitHub\AI-2014\RESIZED_30x30\F1.jpg [50, 0, 0, 0, 20, 65, 100, 45, 100, 100, 65, 100, 50, 100, 100, 65, 100, 50, 100, 100, 65, 100, 100, 100, 100]
C:\Users\ESP\Documents\GitHub\AI-2014\RESIZED_30x30\F2.jpg [55, 30, 15, 30, 45, 65, 100, 50, 100, 100, 65, 100, 50, 100, 100, 65, 100, 50, 100, 100, 65, 100, 50, 100, 100]
C:\Users\ESP\Documents\GitHub\AI-2014\RESIZED_30x30\F3.jpg [80, 15, 15, 30, 45, 65, 100, 50, 100, 100, 65, 100, 50, 100, 100, 65, 100, 50, 100, 100, 65, 100, 100, 100, 100]
C:\Users\ESP\Documents\GitHub\AI-2014\RESIZED_30x30\F4.jpg [85, 30, 15, 30, 45, 65, 100, 50, 100, 100, 65, 100, 50, 100, 100, 65, 100, 50, 100, 100, 65, 100, 100, 100, 100]
C:\Users\ESP\Documents\GitHub\AI-2014\RESIZED_30x30\F5.jpg [100, 80, 30, 45, 80, 90, 65, 50, 100, 100, 60, 90, 50, 100, 100, 65, 100, 50, 100, 100, 85, 100, 100, 100, 100]
C:\Users\ESP\Documents\GitHub\AI-2014\RESIZED_30x30\F6.jpg [100, 80, 30, 50, 45, 95, 75, 50, 100, 100, 65, 95, 50, 100, 100, 65, 100, 50, 100, 100, 65, 100, 60, 100, 100]
C:\Users\ESP\Documents\GitHub\AI-2014\RESIZED_30x30\F7.jpg [100, 80, 35, 60, 50, 85, 60, 50, 100, 100, 65, 95, 50, 100, 100, 65, 100, 50, 100, 100, 65, 100, 95, 100, 100]
C:\Users\ESP\Documents\GitHub\AI-2014\RESIZED_30x30\F8.jpg [100, 80, 65, 60, 80, 95, 55, 90, 75, 100, 55, 85, 95, 75, 100, 65, 100, 95, 75, 100, 65, 100, 95, 85, 100]
C:\Users\ESP\Documents\GitHub\AI-2014\RESIZED_30x30\F9.jpg [100, 100, 80, 35, 80, 95, 40, 35, 100, 100, 60, 90, 50, 100, 100, 65, 100, 50, 100, 100, 65, 100, 100, 100, 100]
C:\Users\ESP\Documents\GitHub\AI-2014\RESIZED_30x30\F10.jpg [95, 85, 85, 55, 45, 60, 90, 35, 95, 100, 65, 100, 50, 100, 100, 65, 100, 55, 100, 100, 65, 100, 100, 100, 100]
C:\Users\ESP\Documents\GitHub\AI-2014\RESIZED_30x30\G1.jpg [95, 15, 0, 0, 80, 55, 80, 90, 85, 30, 55, 100, 100, 85, 50, 55, 100, 100, 70, 50, 65, 85, 100, 0, 20]
C:\Users\ESP\Documents\GitHub\AI-2014\RESIZED_30x30\G2.jpg [95, 40, 45, 70, 40, 55, 100, 100, 100, 50, 55, 100, 100, 80, 50, 55, 90, 100, 75, 50, 95, 85, 100, 55, 70]
C:\Users\ESP\Documents\GitHub\AI-2014\RESIZED_30x30\G3.jpg [85, 65, 75, 70, 75, 55, 100, 100, 100, 50, 55, 100, 100, 80, 50, 55, 90, 100, 60, 40, 95, 85, 100, 35, 45]
C:\Users\ESP\Documents\GitHub\AI-2014\RESIZED_30x30\G4.jpg [85, 65, 75, 35, 90, 55, 100, 100, 100, 50, 55, 100, 100, 85, 50, 55, 85, 100, 75, 50, 95, 85, 100, 45, 60]
C:\Users\ESP\Documents\GitHub\AI-2014\RESIZED_30x30\G5.jpg [85, 35, 55, 55, 75, 55, 100, 100, 100, 50, 55, 100, 100, 75, 50, 70, 85, 100, 65, 35, 95, 85, 100, 75, 85]
C:\Users\ESP\Documents\GitHub\AI-2014\RESIZED_30x30\G6.jpg [95, 75, 70, 70, 75, 55, 100, 100, 100, 50, 55, 100, 100, 75, 50, 55, 100, 100, 75, 50, 70, 100, 100, 45, 60]
C:\Users\ESP\Documents\GitHub\AI-2014\RESIZED_30x30\G7.jpg [95, 30, 75, 35, 90, 55, 100, 100, 100, 50, 55, 100, 40, 100, 50, 55, 100, 40, 100, 50, 100, 100, 70, 60, 70]
C:\Users\ESP\Documents\GitHub\AI-2014\RESIZED_30x30\G8.jpg [100, 85, 85, 35, 80, 95, 70, 100, 95, 40, 65, 80, 100, 85, 50, 55, 100, 100, 75, 50, 70, 100, 100, 35, 50]
C:\Users\ESP\Documents\GitHub\AI-2014\RESIZED_30x30\G9.jpg [95, 30, 70, 35, 80, 55, 85, 85, 100, 75, 55, 100, 40, 100, 55, 55, 100, 35, 95, 50, 90, 100, 50, 40, 80]
C:\Users\ESP\Documents\GitHub\AI-2014\RESIZED_30x30\G10.jpg [95, 65, 40, 40, 85, 85, 75, 100, 95, 35, 55, 100, 100, 85, 50, 55, 100, 100, 65, 40, 70, 85, 100, 75, 85]
C:\Users\ESP\Documents\GitHub\AI-2014\RESIZED_30x30\H1.jpg [70, 0, 0, 0, 5, 95, 90, 45, 90, 90, 100, 100, 55, 100, 100, 100, 95, 50, 95, 95, 70, 0, 0, 0, 5]
C:\Users\ESP\Documents\GitHub\AI-2014\RESIZED_30x30\H2.jpg [80, 30, 15, 30, 35, 100, 100, 55, 100, 100, 100, 100, 55, 100, 100, 100, 100, 55, 100, 100, 75, 20, 20, 15, 20]
C:\Users\ESP\Documents\GitHub\AI-2014\RESIZED_30x30\H3.jpg [90, 75, 30, 75, 75, 100, 100, 55, 100, 100, 100, 100, 55, 100, 100, 100, 100, 55, 100, 100, 80, 45, 15, 40, 45]
C:\Users\ESP\Documents\GitHub\AI-2014\RESIZED_30x30\H4.jpg [90, 75, 30, 60, 55, 100, 100, 55, 100, 100, 100, 100, 55, 100, 100, 100, 100, 55, 100, 100, 95, 60, 50, 60, 55]
C:\Users\ESP\Documents\GitHub\AI-2014\RESIZED_30x30\H5.jpg [90, 75, 30, 75, 75, 100, 100, 55, 100, 100, 100, 100, 55, 100, 100, 100, 100, 55, 100, 100, 95, 60, 30, 60, 55]
C:\Users\ESP\Documents\GitHub\AI-2014\RESIZED_30x30\H6.jpg [85, 55, 55, 85, 90, 100, 100, 50, 90, 90, 100, 100, 55, 100, 100, 100, 100, 55, 100, 100, 95, 60, 50, 60, 55]
C:\Users\ESP\Documents\GitHub\AI-2014\RESIZED_30x30\H7.jpg [95, 60, 40, 55, 50, 100, 100, 55, 100, 100, 100, 100, 55, 100, 100, 100, 100, 55, 100, 100, 90, 60, 35, 35, 65]
C:\Users\ESP\Documents\GitHub\AI-2014\RESIZED_30x30\H8.jpg [90, 70, 50, 75, 75, 100, 100, 70, 100, 100, 100, 100, 70, 100, 100, 100, 100, 60, 100, 100, 80, 40, 40, 40, 40]
C:\Users\ESP\Documents\GitHub\AI-2014\RESIZED_30x30\H9.jpg [90, 75, 30, 75, 75, 100, 100, 55, 100, 100, 100, 100, 55, 100, 100, 100, 95, 55, 100, 100, 90, 55, 50, 60, 55]
C:\Users\ESP\Documents\GitHub\AI-2014\RESIZED_30x30\H10.jpg [95, 60, 40, 55, 55, 100, 100, 55, 100, 100, 100, 100, 55, 100, 100, 100, 100, 55, 100, 100, 85, 60, 25, 65, 55]
C:\Users\ESP\Documents\GitHub\AI-2014\RESIZED_30x30\I1.jpg [75, 100, 100, 100, 100, 100, 40, 40, 40, 45, 100, 100, 100, 100, 100, 100, 100, 100, 100, 100, 100, 100, 100, 100, 100]
C:\Users\ESP\Documents\GitHub\AI-2014\RESIZED_30x30\I2.jpg [100, 100, 100, 100, 100, 95, 75, 70, 75, 75, 100, 100, 100, 100, 100, 100, 100, 100, 100, 100, 100, 100, 100, 100, 100]
C:\Users\ESP\Documents\GitHub\AI-2014\RESIZED_30x30\I3.jpg [100, 100, 100, 100, 100, 95, 85, 85, 85, 85, 100, 95, 95, 95, 95, 100, 100, 100, 100, 100, 100, 100, 100, 100, 100]
C:\Users\ESP\Documents\GitHub\AI-2014\RESIZED_30x30\I4.jpg [100, 100, 100, 100, 100, 100, 100, 100, 100, 100, 85, 70, 70, 70, 75, 100, 100, 100, 100, 100, 100, 100, 100, 100, 100]
C:\Users\ESP\Documents\GitHub\AI-2014\RESIZED_30x30\I5.jpg [100, 100, 100, 100, 100, 100, 100, 100, 100, 100, 90, 65, 75, 80, 75, 100, 100, 100, 100, 100, 100, 100, 100, 100, 100]
C:\Users\ESP\Documents\GitHub\AI-2014\RESIZED_30x30\I6.jpg [100, 100, 100, 100, 100, 100, 100, 100, 100, 100, 95, 80, 80, 80, 80, 100, 100, 100, 100, 100, 100, 100, 100, 100, 100]
C:\Users\ESP\Documents\GitHub\AI-2014\RESIZED_30x30\I7.jpg [100, 100, 100, 100, 100, 100, 100, 100, 100, 100, 95, 90, 90, 80, 80, 100, 95, 95, 95, 100, 100, 100, 100, 100, 100]
C:\Users\ESP\Documents\GitHub\AI-2014\RESIZED_30x30\I8.jpg [100, 100, 100, 100, 100, 100, 100, 100, 100, 100, 100, 100, 100, 100, 100, 90, 75, 75, 75, 80, 100, 100, 100, 100, 100]
C:\Users\ESP\Documents\GitHub\AI-2014\RESIZED_30x30\I9.jpg [100, 100, 100, 100, 100, 100, 100, 100, 100, 100, 100, 100, 100, 100, 100, 95, 65, 80, 70, 75, 100, 100, 100, 100, 100]
C:\Users\ESP\Documents\GitHub\AI-2014\RESIZED_30x30\I10.jpg [100, 100, 100, 100, 100, 100, 100, 100, 100, 100, 100, 100, 100, 100, 100, 90, 80, 85, 85, 85, 100, 100, 100, 100, 100]
C:\Users\ESP\Documents\GitHub\AI-2014\RESIZED_30x30\J1.jpg [100, 100, 100, 25, 45, 100, 100, 100, 100, 45, 100, 100, 100, 100, 50, 100, 95, 95, 90, 45, 35, 0, 0, 0, 50]
C:\Users\ESP\Documents\GitHub\AI-2014\RESIZED_30x30\J2.jpg [100, 100, 100, 35, 90, 100, 100, 100, 100, 50, 100, 100, 100, 100, 50, 90, 80, 45, 35, 90, 100, 95, 95, 100, 100]
C:\Users\ESP\Documents\GitHub\AI-2014\RESIZED_30x30\J3.jpg [100, 100, 100, 35, 80, 100, 100, 100, 100, 50, 100, 100, 100, 95, 50, 100, 100, 100, 75, 80, 60, 40, 40, 70, 95]
C:\Users\ESP\Documents\GitHub\AI-2014\RESIZED_30x30\J4.jpg [100, 100, 100, 85, 60, 100, 100, 100, 100, 50, 100, 100, 100, 100, 50, 75, 30, 60, 55, 90, 100, 100, 100, 100, 100]
C:\Users\ESP\Documents\GitHub\AI-2014\RESIZED_30x30\J5.jpg [100, 100, 100, 35, 90, 100, 100, 100, 100, 50, 100, 100, 100, 90, 45, 100, 95, 85, 20, 90, 90, 75, 75, 90, 100]
C:\Users\ESP\Documents\GitHub\AI-2014\RESIZED_30x30\J6.jpg [100, 100, 100, 55, 85, 100, 100, 100, 100, 45, 100, 100, 100, 100, 50, 100, 95, 95, 90, 45, 55, 35, 35, 35, 90]
C:\Users\ESP\Documents\GitHub\AI-2014\RESIZED_30x30\J7.jpg [100, 100, 100, 35, 90, 100, 100, 100, 100, 50, 100, 100, 100, 95, 50, 100, 100, 100, 80, 85, 75, 60, 60, 70, 100]
C:\Users\ESP\Documents\GitHub\AI-2014\RESIZED_30x30\J8.jpg [100, 100, 100, 80, 80, 100, 100, 100, 100, 50, 100, 100, 100, 100, 50, 100, 95, 95, 90, 45, 90, 75, 75, 75, 90]
C:\Users\ESP\Documents\GitHub\AI-2014\RESIZED_30x30\J9.jpg [100, 100, 100, 90, 100, 100, 100, 100, 85, 60, 100, 100, 100, 100, 50, 100, 100, 100, 90, 60, 80, 65, 65, 20, 90]
C:\Users\ESP\Documents\GitHub\AI-2014\RESIZED_30x30\J10.jpg [100, 100, 100, 75, 90, 100, 100, 100, 90, 45, 100, 100, 100, 100, 50, 100, 100, 100, 90, 45, 80, 65, 65, 20, 90]
C:\Users\ESP\Documents\GitHub\AI-2014\RESIZED_30x30\K1.jpg [5, 0, 0, 0, 50, 95, 90, 45, 90, 90, 100, 35, 35, 75, 100, 80, 50, 100, 25, 95, 40, 95, 100, 90, 55]
C:\Users\ESP\Documents\GitHub\AI-2014\RESIZED_30x30\K2.jpg [35, 30, 15, 30, 70, 100, 100, 55, 100, 100, 100, 60, 25, 100, 100, 90, 40, 90, 40, 100, 30, 100, 100, 80, 65]
C:\Users\ESP\Documents\GitHub\AI-2014\RESIZED_30x30\K3.jpg [35, 30, 10, 30, 70, 100, 60, 40, 95, 100, 100, 45, 95, 50, 100, 75, 60, 100, 30, 100, 55, 100, 100, 80, 55]
C:\Users\ESP\Documents\GitHub\AI-2014\RESIZED_30x30\K4.jpg [35, 30, 15, 30, 70, 100, 85, 30, 95, 100, 100, 60, 60, 95, 100, 100, 25, 100, 30, 100, 50, 85, 100, 70, 70]
C:\Users\ESP\Documents\GitHub\AI-2014\RESIZED_30x30\K5.jpg [35, 30, 15, 30, 70, 100, 60, 25, 100, 100, 100, 55, 75, 75, 100, 100, 35, 100, 50, 100, 40, 85, 100, 70, 70]
C:\Users\ESP\Documents\GitHub\AI-2014\RESIZED_30x30\K6.jpg [80, 75, 35, 75, 85, 100, 80, 35, 100, 100, 100, 35, 70, 75, 100, 90, 50, 100, 50, 100, 50, 95, 100, 70, 70]
C:\Users\ESP\Documents\GitHub\AI-2014\RESIZED_30x30\K7.jpg [80, 70, 35, 75, 85, 100, 100, 55, 100, 100, 100, 80, 55, 100, 100, 100, 40, 65, 85, 100, 50, 95, 100, 35, 85]
C:\Users\ESP\Documents\GitHub\AI-2014\RESIZED_30x30\K8.jpg [80, 75, 40, 75, 85, 100, 80, 25, 100, 100, 100, 55, 65, 95, 100, 90, 40, 100, 50, 100, 55, 100, 100, 70, 55]
C:\Users\ESP\Documents\GitHub\AI-2014\RESIZED_30x30\K9.jpg [35, 30, 10, 30, 70, 100, 60, 30, 95, 100, 100, 35, 65, 95, 100, 75, 60, 100, 45, 100, 40, 95, 100, 70, 80]
C:\Users\ESP\Documents\GitHub\AI-2014\RESIZED_30x30\K10.jpg [35, 30, 15, 30, 70, 100, 70, 50, 100, 100, 100, 35, 35, 95, 100, 75, 60, 90, 25, 100, 50, 95, 100, 65, 70]
C:\Users\ESP\Documents\GitHub\AI-2014\RESIZED_30x30\L1.jpg [50, 0, 0, 0, 20, 95, 90, 90, 90, 45, 100, 100, 100, 100, 50, 100, 100, 100, 100, 50, 100, 100, 100, 100, 50]
C:\Users\ESP\Documents\GitHub\AI-2014\RESIZED_30x30\L2.jpg [90, 75, 75, 75, 40, 100, 100, 100, 100, 50, 100, 100, 100, 100, 50, 100, 100, 100, 100, 50, 100, 100, 100, 100, 50]
C:\Users\ESP\Documents\GitHub\AI-2014\RESIZED_30x30\L3.jpg [65, 30, 30, 30, 35, 100, 100, 100, 100, 50, 100, 100, 100, 100, 50, 100, 100, 100, 100, 50, 100, 100, 100, 100, 50]
C:\Users\ESP\Documents\GitHub\AI-2014\RESIZED_30x30\L4.jpg [90, 75, 75, 75, 40, 100, 100, 100, 100, 50, 100, 100, 100, 100, 50, 100, 100, 100, 100, 50, 100, 100, 100, 100, 50]
C:\Users\ESP\Documents\GitHub\AI-2014\RESIZED_30x30\L5.jpg [90, 75, 75, 70, 40, 100, 100, 100, 100, 50, 100, 100, 100, 100, 50, 100, 100, 100, 100, 50, 100, 100, 100, 100, 50]
C:\Users\ESP\Documents\GitHub\AI-2014\RESIZED_30x30\L6.jpg [90, 20, 40, 35, 80, 100, 100, 100, 100, 45, 100, 100, 100, 100, 50, 100, 100, 100, 100, 50, 100, 100, 100, 100, 50]
C:\Users\ESP\Documents\GitHub\AI-2014\RESIZED_30x30\L7.jpg [90, 75, 75, 70, 75, 100, 100, 100, 100, 50, 100, 100, 100, 100, 50, 100, 100, 100, 100, 50, 100, 100, 100, 100, 50]
C:\Users\ESP\Documents\GitHub\AI-2014\RESIZED_30x30\L8.jpg [90, 75, 75, 70, 40, 100, 100, 100, 100, 50, 100, 100, 100, 100, 50, 100, 100, 100, 100, 50, 100, 100, 100, 100, 50]
C:\Users\ESP\Documents\GitHub\AI-2014\RESIZED_30x30\L9.jpg [90, 75, 75, 35, 80, 100, 100, 100, 95, 65, 100, 100, 100, 95, 45, 100, 100, 100, 100, 50, 100, 100, 100, 100, 50]
C:\Users\ESP\Documents\GitHub\AI-2014\RESIZED_30x30\L10.jpg [90, 75, 75, 40, 75, 100, 100, 100, 100, 50, 100, 100, 100, 100, 50, 100, 100, 100, 100, 50, 100, 100, 100, 100, 50]
C:\Users\ESP\Documents\GitHub\AI-2014\RESIZED_30x30\M1.jpg [20, 0, 0, 0, 50, 85, 15, 45, 95, 100, 100, 95, 0, 25, 100, 80, 10, 55, 95, 95, 20, 0, 0, 0, 50]
C:\Users\ESP\Documents\GitHub\AI-2014\RESIZED_30x30\M2.jpg [30, 30, 30, 30, 70, 85, 25, 100, 100, 100, 100, 80, 50, 100, 100, 100, 40, 85, 100, 100, 45, 10, 20, 20, 65]
C:\Users\ESP\Documents\GitHub\AI-2014\RESIZED_30x30\M3.jpg [30, 70, 70, 75, 85, 85, 30, 95, 100, 100, 100, 80, 60, 100, 100, 90, 50, 100, 100, 100, 30, 60, 65, 65, 80]
C:\Users\ESP\Documents\GitHub\AI-2014\RESIZED_30x30\M4.jpg [55, 75, 75, 75, 85, 65, 40, 90, 100, 100, 100, 75, 50, 100, 100, 85, 45, 95, 100, 100, 30, 55, 60, 60, 85]
C:\Users\ESP\Documents\GitHub\AI-2014\RESIZED_30x30\M5.jpg [35, 70, 75, 75, 85, 90, 25, 100, 100, 100, 100, 75, 60, 100, 100, 80, 45, 95, 100, 100, 30, 55, 60, 60, 85]
C:\Users\ESP\Documents\GitHub\AI-2014\RESIZED_30x30\M6.jpg [30, 70, 75, 75, 85, 85, 25, 80, 100, 100, 100, 95, 10, 100, 100, 100, 30, 95, 100, 100, 25, 50, 65, 65, 80]
C:\Users\ESP\Documents\GitHub\AI-2014\RESIZED_30x30\M7.jpg [30, 55, 70, 75, 85, 100, 30, 80, 100, 100, 100, 100, 25, 95, 100, 100, 60, 50, 100, 100, 55, 0, 60, 65, 80]
C:\Users\ESP\Documents\GitHub\AI-2014\RESIZED_30x30\M8.jpg [60, 55, 70, 75, 85, 95, 50, 80, 100, 100, 100, 80, 30, 100, 100, 90, 50, 95, 100, 100, 30, 60, 65, 65, 80]
C:\Users\ESP\Documents\GitHub\AI-2014\RESIZED_30x30\M9.jpg [25, 70, 75, 75, 85, 85, 60, 100, 100, 100, 100, 75, 55, 100, 100, 90, 55, 85, 100, 100, 30, 55, 60, 60, 85]
C:\Users\ESP\Documents\GitHub\AI-2014\RESIZED_30x30\M10.jpg [35, 55, 60, 60, 80, 70, 80, 100, 100, 100, 100, 20, 100, 100, 100, 90, 50, 100, 100, 100, 25, 55, 65, 65, 80]
C:\Users\ESP\Documents\GitHub\AI-2014\RESIZED_30x30\N1.jpg [70, 0, 0, 0, 5, 80, 10, 80, 100, 100, 100, 85, 15, 45, 95, 100, 95, 95, 55, 10, 70, 0, 0, 0, 5]
C:\Users\ESP\Documents\GitHub\AI-2014\RESIZED_30x30\N2.jpg [70, 10, 30, 30, 35, 80, 10, 80, 100, 100, 100, 85, 15, 45, 95, 100, 100, 100, 55, 15, 75, 20, 20, 20, 20]
C:\Users\ESP\Documents\GitHub\AI-2014\RESIZED_30x30\N3.jpg [70, 70, 75, 75, 75, 95, 50, 80, 100, 100, 100, 100, 40, 75, 100, 100, 100, 100, 60, 85, 85, 65, 65, 65, 25]
C:\Users\ESP\Documents\GitHub\AI-2014\RESIZED_30x30\N4.jpg [65, 55, 70, 75, 75, 100, 45, 90, 100, 100, 100, 95, 50, 95, 100, 100, 100, 90, 50, 85, 90, 60, 55, 55, 35]
C:\Users\ESP\Documents\GitHub\AI-2014\RESIZED_30x30\N5.jpg [90, 40, 70, 75, 75, 100, 85, 50, 90, 100, 100, 100, 95, 35, 100, 100, 100, 100, 70, 60, 90, 60, 60, 60, 40]
C:\Users\ESP\Documents\GitHub\AI-2014\RESIZED_30x30\N6.jpg [80, 40, 75, 75, 75, 100, 70, 70, 100, 100, 100, 100, 40, 80, 100, 100, 100, 100, 40, 80, 85, 65, 65, 60, 25]
C:\Users\ESP\Documents\GitHub\AI-2014\RESIZED_30x30\N7.jpg [80, 40, 75, 75, 75, 100, 45, 85, 100, 100, 100, 100, 55, 80, 100, 100, 100, 100, 40, 80, 95, 60, 55, 40, 20]
C:\Users\ESP\Documents\GitHub\AI-2014\RESIZED_30x30\N8.jpg [80, 40, 70, 75, 75, 100, 30, 85, 100, 100, 100, 85, 20, 95, 100, 100, 100, 80, 60, 95, 85, 65, 65, 55, 40]
C:\Users\ESP\Documents\GitHub\AI-2014\RESIZED_30x30\N9.jpg [90, 35, 70, 75, 75, 100, 85, 70, 100, 100, 100, 100, 70, 65, 100, 100, 100, 100, 40, 80, 90, 60, 60, 55, 20]
C:\Users\ESP\Documents\GitHub\AI-2014\RESIZED_30x30\N10.jpg [70, 30, 60, 60, 60, 100, 25, 95, 100, 100, 100, 100, 45, 100, 100, 100, 100, 80, 30, 95, 85, 65, 65, 55, 10]
C:\Users\ESP\Documents\GitHub\AI-2014\RESIZED_30x30\O1.jpg [100, 45, 0, 10, 85, 80, 50, 95, 85, 30, 65, 95, 100, 100, 55, 80, 35, 95, 80, 35, 100, 55, 0, 15, 85]
C:\Users\ESP\Documents\GitHub\AI-2014\RESIZED_30x30\O2.jpg [100, 45, 65, 75, 85, 80, 80, 100, 100, 30, 65, 95, 100, 100, 55, 90, 65, 100, 100, 50, 100, 55, 55, 55, 70]
C:\Users\ESP\Documents\GitHub\AI-2014\RESIZED_30x30\O3.jpg [100, 45, 55, 45, 85, 85, 55, 100, 100, 30, 70, 95, 100, 100, 55, 75, 65, 100, 100, 40, 100, 55, 25, 35, 85]
C:\Users\ESP\Documents\GitHub\AI-2014\RESIZED_30x30\O4.jpg [100, 40, 65, 50, 85, 65, 80, 100, 100, 30, 70, 95, 100, 100, 55, 70, 70, 80, 80, 35, 100, 80, 55, 55, 90]
C:\Users\ESP\Documents\GitHub\AI-2014\RESIZED_30x30\O5.jpg [100, 30, 70, 50, 85, 70, 95, 100, 100, 50, 70, 95, 100, 100, 55, 90, 35, 80, 55, 45, 100, 100, 55, 80, 100]
C:\Users\ESP\Documents\GitHub\AI-2014\RESIZED_30x30\O6.jpg [85, 40, 75, 75, 85, 65, 95, 100, 100, 40, 80, 75, 100, 100, 55, 100, 70, 65, 65, 85, 100, 100, 100, 100, 100]
C:\Users\ESP\Documents\GitHub\AI-2014\RESIZED_30x30\O7.jpg [100, 30, 70, 35, 85, 70, 80, 100, 100, 70, 85, 65, 100, 100, 25, 100, 50, 60, 50, 70, 100, 100, 100, 100, 100]
C:\Users\ESP\Documents\GitHub\AI-2014\RESIZED_30x30\O8.jpg [100, 30, 75, 25, 85, 70, 75, 100, 95, 40, 70, 95, 100, 100, 55, 85, 75, 100, 100, 40, 100, 85, 60, 55, 85]
C:\Users\ESP\Documents\GitHub\AI-2014\RESIZED_30x30\O9.jpg [100, 40, 75, 50, 85, 65, 80, 100, 100, 55, 70, 75, 100, 100, 50, 100, 30, 60, 35, 85, 100, 100, 100, 100, 100]
C:\Users\ESP\Documents\GitHub\AI-2014\RESIZED_30x30\O10.jpg [100, 100, 90, 85, 100, 100, 30, 90, 90, 65, 80, 80, 100, 100, 55, 75, 85, 100, 100, 40, 100, 55, 55, 35, 85]
C:\Users\ESP\Documents\GitHub\AI-2014\RESIZED_30x30\P1.jpg [65, 0, 0, 0, 5, 70, 95, 65, 95, 100, 70, 95, 65, 100, 100, 65, 80, 35, 100, 100, 80, 5, 15, 100, 100]
C:\Users\ESP\Documents\GitHub\AI-2014\RESIZED_30x30\P2.jpg [70, 30, 15, 30, 35, 70, 95, 65, 100, 100, 70, 95, 65, 100, 100, 70, 95, 65, 100, 100, 80, 45, 30, 100, 100]
C:\Users\ESP\Documents\GitHub\AI-2014\RESIZED_30x30\P3.jpg [75, 55, 60, 60, 75, 70, 95, 100, 65, 100, 70, 95, 100, 65, 100, 75, 65, 65, 95, 100, 100, 50, 70, 95, 100]
C:\Users\ESP\Documents\GitHub\AI-2014\RESIZED_30x30\P4.jpg [75, 55, 45, 70, 75, 70, 95, 65, 95, 100, 70, 95, 65, 100, 100, 70, 80, 55, 100, 100, 100, 80, 75, 100, 100]
C:\Users\ESP\Documents\GitHub\AI-2014\RESIZED_30x30\P5.jpg [65, 55, 55, 45, 75, 70, 95, 100, 70, 100, 70, 95, 100, 70, 100, 70, 85, 85, 65, 100, 95, 60, 80, 95, 100]
C:\Users\ESP\Documents\GitHub\AI-2014\RESIZED_30x30\P6.jpg [65, 70, 75, 45, 75, 70, 95, 100, 70, 100, 70, 95, 100, 70, 100, 80, 80, 70, 90, 100, 100, 80, 75, 95, 100]
C:\Users\ESP\Documents\GitHub\AI-2014\RESIZED_30x30\P7.jpg [65, 70, 75, 45, 75, 70, 95, 100, 70, 100, 70, 95, 100, 70, 100, 70, 90, 85, 65, 100, 100, 50, 50, 95, 100]
C:\Users\ESP\Documents\GitHub\AI-2014\RESIZED_30x30\P8.jpg [75, 55, 45, 45, 75, 70, 95, 65, 100, 100, 70, 95, 65, 100, 100, 70, 90, 65, 100, 100, 100, 45, 70, 95, 100]
C:\Users\ESP\Documents\GitHub\AI-2014\RESIZED_30x30\P9.jpg [65, 70, 45, 75, 75, 70, 95, 65, 95, 100, 70, 95, 65, 100, 100, 70, 85, 50, 100, 100, 95, 60, 75, 100, 100]
C:\Users\ESP\Documents\GitHub\AI-2014\RESIZED_30x30\P10.jpg [85, 30, 30, 60, 60, 70, 95, 65, 100, 100, 70, 95, 65, 100, 100, 70, 95, 65, 100, 100, 80, 45, 45, 100, 100]
C:\Users\ESP\Documents\GitHub\AI-2014\RESIZED_30x30\Q1.jpg [35, 25, 30, 35, 95, 30, 95, 100, 80, 70, 85, 100, 100, 100, 55, 75, 95, 100, 20, 70, 90, 30, 20, 25, 50]
C:\Users\ESP\Documents\GitHub\AI-2014\RESIZED_30x30\Q2.jpg [85, 30, 70, 60, 95, 50, 95, 100, 90, 70, 45, 100, 100, 75, 55, 90, 30, 95, 5, 85, 100, 90, 75, 75, 70]
C:\Users\ESP\Documents\GitHub\AI-2014\RESIZED_30x30\Q3.jpg [85, 15, 0, 10, 95, 50, 85, 90, 75, 60, 50, 100, 100, 100, 55, 30, 95, 100, 50, 55, 80, 10, 20, 5, 55]
C:\Users\ESP\Documents\GitHub\AI-2014\RESIZED_30x30\Q4.jpg [80, 75, 65, 25, 95, 50, 100, 100, 90, 70, 50, 100, 100, 95, 55, 65, 90, 100, 10, 85, 90, 45, 50, 75, 65]
C:\Users\ESP\Documents\GitHub\AI-2014\RESIZED_30x30\Q5.jpg [95, 20, 50, 25, 95, 60, 85, 100, 100, 60, 50, 100, 100, 100, 55, 35, 90, 100, 65, 55, 100, 40, 55, 50, 55]
C:\Users\ESP\Documents\GitHub\AI-2014\RESIZED_30x30\Q6.jpg [85, 60, 75, 60, 95, 50, 100, 100, 100, 55, 55, 100, 100, 100, 55, 80, 40, 100, 55, 55, 100, 95, 55, 70, 60]
C:\Users\ESP\Documents\GitHub\AI-2014\RESIZED_30x30\Q7.jpg [85, 40, 75, 50, 80, 40, 95, 100, 100, 55, 50, 100, 100, 100, 55, 40, 95, 100, 45, 55, 100, 25, 60, 40, 50]
C:\Users\ESP\Documents\GitHub\AI-2014\RESIZED_30x30\Q8.jpg [85, 30, 70, 30, 95, 40, 95, 100, 100, 55, 50, 100, 85, 75, 55, 80, 80, 80, 10, 70, 100, 80, 75, 80, 55]
C:\Users\ESP\Documents\GitHub\AI-2014\RESIZED_30x30\Q9.jpg [85, 55, 70, 30, 95, 40, 100, 100, 75, 65, 50, 100, 100, 95, 55, 50, 90, 95, 65, 70, 90, 35, 35, 50, 65]
C:\Users\ESP\Documents\GitHub\AI-2014\RESIZED_30x30\Q10.jpg [100, 70, 65, 80, 100, 70, 80, 100, 45, 80, 45, 95, 100, 100, 55, 35, 100, 100, 80, 55, 80, 55, 60, 20, 55]
C:\Users\ESP\Documents\GitHub\AI-2014\RESIZED_30x30\R1.jpg [35, 0, 0, 0, 35, 65, 100, 45, 100, 100, 65, 100, 45, 95, 100, 65, 95, 15, 20, 90, 75, 0, 50, 75, 40]
C:\Users\ESP\Documents\GitHub\AI-2014\RESIZED_30x30\R2.jpg [50, 75, 25, 75, 80, 65, 100, 50, 100, 100, 65, 100, 20, 65, 100, 45, 85, 55, 35, 95, 95, 75, 95, 95, 50]
C:\Users\ESP\Documents\GitHub\AI-2014\RESIZED_30x30\R3.jpg [50, 75, 25, 75, 80, 65, 100, 50, 100, 100, 65, 100, 25, 90, 100, 80, 85, 30, 20, 95, 100, 75, 95, 90, 50]
C:\Users\ESP\Documents\GitHub\AI-2014\RESIZED_30x30\R4.jpg [45, 25, 15, 30, 55, 65, 100, 50, 100, 100, 65, 100, 30, 90, 100, 50, 90, 30, 15, 95, 90, 45, 95, 95, 50]
C:\Users\ESP\Documents\GitHub\AI-2014\RESIZED_30x30\R5.jpg [65, 60, 50, 45, 70, 65, 100, 20, 80, 100, 65, 100, 50, 20, 95, 65, 95, 45, 90, 85, 45, 60, 90, 100, 50]
C:\Users\ESP\Documents\GitHub\AI-2014\RESIZED_30x30\R6.jpg [50, 75, 25, 75, 80, 65, 100, 15, 85, 100, 65, 95, 35, 30, 100, 55, 55, 80, 45, 95, 100, 100, 100, 90, 70]
C:\Users\ESP\Documents\GitHub\AI-2014\RESIZED_30x30\R7.jpg [85, 65, 25, 45, 80, 65, 100, 15, 60, 100, 65, 100, 50, 35, 100, 55, 90, 40, 75, 95, 90, 35, 90, 95, 80]
C:\Users\ESP\Documents\GitHub\AI-2014\RESIZED_30x30\R8.jpg [85, 65, 35, 60, 90, 65, 100, 15, 75, 100, 65, 100, 50, 30, 100, 50, 60, 55, 90, 95, 100, 100, 100, 95, 80]
C:\Users\ESP\Documents\GitHub\AI-2014\RESIZED_30x30\R9.jpg [50, 75, 10, 70, 80, 65, 100, 15, 90, 100, 65, 100, 50, 30, 100, 50, 90, 45, 90, 90, 90, 75, 90, 100, 45]
C:\Users\ESP\Documents\GitHub\AI-2014\RESIZED_30x30\R10.jpg [45, 35, 25, 30, 60, 65, 100, 80, 90, 100, 65, 100, 80, 85, 100, 65, 100, 30, 30, 100, 70, 50, 75, 90, 65]
C:\Users\ESP\Documents\GitHub\AI-2014\RESIZED_30x30\S1.jpg [95, 15, 65, 95, 45, 50, 100, 35, 100, 65, 50, 100, 35, 100, 65, 50, 100, 30, 100, 60, 50, 95, 80, 10, 75]
C:\Users\ESP\Documents\GitHub\AI-2014\RESIZED_30x30\S2.jpg [45, 65, 80, 95, 45, 50, 95, 25, 100, 65, 50, 100, 35, 100, 65, 50, 100, 50, 95, 65, 55, 100, 95, 45, 90]
C:\Users\ESP\Documents\GitHub\AI-2014\RESIZED_30x30\S3.jpg [60, 45, 80, 90, 80, 50, 100, 30, 100, 65, 50, 100, 35, 100, 65, 75, 90, 95, 80, 60, 100, 100, 100, 85, 85]
C:\Users\ESP\Documents\GitHub\AI-2014\RESIZED_30x30\S4.jpg [95, 65, 90, 90, 45, 40, 85, 40, 100, 65, 50, 100, 30, 95, 65, 45, 100, 80, 50, 55, 85, 95, 100, 100, 100]
C:\Users\ESP\Documents\GitHub\AI-2014\RESIZED_30x30\S5.jpg [45, 25, 90, 95, 50, 50, 90, 70, 100, 65, 50, 95, 30, 100, 65, 45, 90, 65, 65, 50, 100, 95, 100, 95, 95]
C:\Users\ESP\Documents\GitHub\AI-2014\RESIZED_30x30\S6.jpg [95, 65, 90, 85, 70, 45, 85, 85, 100, 65, 50, 100, 35, 100, 65, 50, 100, 25, 90, 50, 75, 100, 95, 55, 90]
C:\Users\ESP\Documents\GitHub\AI-2014\RESIZED_30x30\S7.jpg [50, 75, 90, 90, 90, 50, 90, 80, 100, 65, 50, 90, 80, 100, 65, 40, 90, 25, 80, 50, 85, 90, 85, 35, 90]
C:\Users\ESP\Documents\GitHub\AI-2014\RESIZED_30x30\S8.jpg [45, 35, 100, 90, 80, 50, 40, 90, 95, 50, 50, 90, 80, 100, 65, 40, 85, 35, 100, 65, 95, 90, 85, 60, 90]
C:\Users\ESP\Documents\GitHub\AI-2014\RESIZED_30x30\S9.jpg [95, 75, 100, 95, 90, 50, 80, 90, 90, 45, 50, 90, 85, 100, 65, 50, 100, 35, 95, 60, 50, 90, 90, 35, 85]
C:\Users\ESP\Documents\GitHub\AI-2014\RESIZED_30x30\S10.jpg [95, 75, 100, 95, 90, 50, 75, 80, 95, 55, 50, 95, 65, 100, 65, 50, 100, 30, 95, 60, 45, 95, 95, 55, 80]
C:\Users\ESP\Documents\GitHub\AI-2014\RESIZED_30x30\T1.jpg [50, 100, 100, 100, 100, 50, 100, 100, 100, 100, 35, 5, 5, 5, 40, 50, 100, 100, 100, 100, 50, 100, 100, 100, 100]
C:\Users\ESP\Documents\GitHub\AI-2014\RESIZED_30x30\T2.jpg [50, 100, 100, 100, 100, 50, 100, 100, 100, 100, 45, 55, 75, 65, 55, 50, 100, 100, 100, 100, 50, 100, 100, 100, 100]
C:\Users\ESP\Documents\GitHub\AI-2014\RESIZED_30x30\T3.jpg [50, 100, 100, 100, 100, 50, 100, 100, 100, 100, 45, 55, 55, 55, 75, 50, 100, 100, 100, 100, 50, 100, 100, 100, 100]
C:\Users\ESP\Documents\GitHub\AI-2014\RESIZED_30x30\T4.jpg [50, 100, 100, 100, 100, 50, 100, 100, 100, 100, 45, 50, 55, 55, 75, 50, 100, 100, 100, 100, 50, 100, 100, 100, 100]
C:\Users\ESP\Documents\GitHub\AI-2014\RESIZED_30x30\T5.jpg [50, 100, 100, 100, 100, 50, 100, 100, 100, 100, 40, 35, 35, 35, 55, 50, 95, 95, 95, 95, 50, 100, 100, 100, 100]
C:\Users\ESP\Documents\GitHub\AI-2014\RESIZED_30x30\T6.jpg [50, 100, 100, 100, 100, 50, 100, 100, 100, 100, 45, 55, 60, 60, 75, 50, 100, 100, 100, 100, 50, 100, 100, 100, 100]
C:\Users\ESP\Documents\GitHub\AI-2014\RESIZED_30x30\T7.jpg [50, 100, 100, 100, 100, 45, 90, 95, 100, 100, 45, 65, 45, 55, 70, 50, 100, 100, 100, 100, 50, 100, 100, 100, 100]
C:\Users\ESP\Documents\GitHub\AI-2014\RESIZED_30x30\T8.jpg [95, 85, 100, 100, 100, 95, 85, 100, 100, 100, 95, 35, 55, 55, 65, 95, 90, 100, 100, 100, 95, 85, 100, 100, 100]
C:\Users\ESP\Documents\GitHub\AI-2014\RESIZED_30x30\T9.jpg [50, 100, 100, 100, 100, 50, 100, 100, 100, 100, 45, 55, 55, 55, 70, 50, 100, 100, 100, 100, 50, 100, 100, 100, 100]
C:\Users\ESP\Documents\GitHub\AI-2014\RESIZED_30x30\T10.jpg [50, 100, 100, 100, 100, 50, 100, 100, 100, 100, 45, 50, 75, 75, 85, 50, 100, 95, 95, 95, 50, 100, 100, 100, 100]
C:\Users\ESP\Documents\GitHub\AI-2014\RESIZED_30x30\U1.jpg [35, 0, 0, 5, 90, 100, 100, 100, 90, 45, 100, 100, 100, 100, 50, 100, 95, 95, 90, 45, 35, 0, 0, 5, 90]
C:\Users\ESP\Documents\GitHub\AI-2014\RESIZED_30x30\U2.jpg [55, 30, 30, 25, 90, 100, 100, 100, 95, 45, 100, 100, 100, 100, 50, 100, 100, 100, 90, 45, 45, 20, 20, 20, 90]
C:\Users\ESP\Documents\GitHub\AI-2014\RESIZED_30x30\U3.jpg [85, 75, 75, 70, 90, 100, 100, 100, 100, 45, 100, 100, 100, 100, 50, 100, 100, 100, 100, 50, 80, 65, 65, 60, 85]
C:\Users\ESP\Documents\GitHub\AI-2014\RESIZED_30x30\U4.jpg [85, 75, 35, 35, 90, 100, 100, 100, 90, 55, 100, 100, 100, 100, 50, 100, 100, 100, 90, 45, 80, 65, 65, 30, 90]
C:\Users\ESP\Documents\GitHub\AI-2014\RESIZED_30x30\U5.jpg [70, 50, 50, 25, 95, 100, 100, 100, 90, 65, 100, 100, 100, 100, 50, 100, 100, 100, 100, 50, 80, 65, 65, 40, 90]
C:\Users\ESP\Documents\GitHub\AI-2014\RESIZED_30x30\U6.jpg [85, 75, 70, 30, 90, 100, 100, 100, 95, 45, 100, 100, 100, 100, 50, 100, 100, 95, 70, 60, 65, 60, 30, 85, 95]
C:\Users\ESP\Documents\GitHub\AI-2014\RESIZED_30x30\U7.jpg [85, 75, 70, 35, 90, 100, 100, 100, 100, 50, 100, 100, 100, 100, 50, 100, 100, 100, 100, 50, 80, 65, 65, 60, 90]
C:\Users\ESP\Documents\GitHub\AI-2014\RESIZED_30x30\U8.jpg [85, 75, 75, 70, 50, 100, 100, 100, 100, 50, 100, 100, 100, 100, 50, 100, 100, 100, 100, 50, 80, 65, 60, 20, 85]
C:\Users\ESP\Documents\GitHub\AI-2014\RESIZED_30x30\U9.jpg [85, 45, 60, 45, 80, 100, 100, 100, 100, 50, 100, 100, 100, 100, 50, 100, 100, 100, 100, 50, 80, 65, 60, 20, 85]
C:\Users\ESP\Documents\GitHub\AI-2014\RESIZED_30x30\U10.jpg [70, 50, 50, 85, 95, 100, 100, 100, 85, 45, 100, 100, 100, 100, 50, 100, 100, 100, 100, 50, 80, 65, 65, 40, 85]
C:\Users\ESP\Documents\GitHub\AI-2014\RESIZED_30x30\V1.jpg [50, 0, 0, 70, 100, 100, 100, 95, 25, 30, 100, 100, 100, 95, 30, 100, 95, 70, 15, 80, 50, 0, 20, 85, 100]
C:\Users\ESP\Documents\GitHub\AI-2014\RESIZED_30x30\V2.jpg [90, 40, 85, 100, 100, 100, 100, 80, 70, 100, 100, 100, 100, 85, 20, 100, 95, 65, 50, 90, 85, 35, 90, 100, 100]
C:\Users\ESP\Documents\GitHub\AI-2014\RESIZED_30x30\V3.jpg [90, 30, 45, 100, 100, 100, 100, 90, 50, 90, 100, 100, 100, 90, 20, 100, 95, 80, 30, 90, 85, 35, 85, 100, 100]
C:\Users\ESP\Documents\GitHub\AI-2014\RESIZED_30x30\V4.jpg [90, 65, 100, 100, 100, 100, 95, 20, 75, 100, 100, 100, 95, 20, 30, 100, 95, 20, 80, 100, 85, 35, 90, 100, 100]
C:\Users\ESP\Documents\GitHub\AI-2014\RESIZED_30x30\V5.jpg [80, 40, 80, 90, 100, 100, 100, 85, 20, 75, 100, 100, 100, 100, 45, 100, 100, 80, 45, 85, 85, 35, 85, 95, 100]
C:\Users\ESP\Documents\GitHub\AI-2014\RESIZED_30x30\V6.jpg [90, 40, 85, 100, 100, 100, 100, 30, 55, 95, 100, 100, 100, 90, 45, 100, 90, 65, 45, 90, 60, 90, 95, 100, 100]
C:\Users\ESP\Documents\GitHub\AI-2014\RESIZED_30x30\V7.jpg [85, 25, 75, 100, 100, 100, 100, 80, 30, 60, 100, 100, 95, 35, 70, 95, 60, 35, 85, 100, 50, 70, 100, 100, 100]
C:\Users\ESP\Documents\GitHub\AI-2014\RESIZED_30x30\V8.jpg [85, 25, 85, 100, 100, 100, 95, 30, 75, 100, 100, 100, 100, 70, 35, 100, 95, 65, 50, 90, 65, 50, 90, 100, 100]
C:\Users\ESP\Documents\GitHub\AI-2014\RESIZED_30x30\V9.jpg [85, 25, 85, 100, 100, 100, 95, 20, 70, 90, 100, 100, 95, 60, 30, 100, 70, 40, 80, 100, 60, 75, 95, 100, 100]
C:\Users\ESP\Documents\GitHub\AI-2014\RESIZED_30x30\V10.jpg [55, 80, 90, 100, 100, 100, 85, 50, 50, 90, 100, 100, 100, 95, 35, 100, 100, 95, 40, 85, 80, 60, 30, 85, 100]
C:\Users\ESP\Documents\GitHub\AI-2014\RESIZED_30x30\W1.jpg [50, 0, 0, 10, 85, 100, 100, 100, 85, 35, 100, 100, 100, 25, 30, 100, 95, 95, 75, 30, 50, 0, 0, 15, 85]
C:\Users\ESP\Documents\GitHub\AI-2014\RESIZED_30x30\W2.jpg [85, 45, 60, 85, 100, 100, 100, 100, 70, 25, 100, 100, 40, 30, 80, 100, 95, 75, 60, 35, 85, 30, 75, 95, 100]
C:\Users\ESP\Documents\GitHub\AI-2014\RESIZED_30x30\W3.jpg [90, 40, 55, 60, 85, 100, 100, 95, 45, 60, 100, 100, 35, 40, 95, 100, 100, 95, 70, 20, 80, 40, 75, 95, 95]
C:\Users\ESP\Documents\GitHub\AI-2014\RESIZED_30x30\W4.jpg [90, 35, 60, 70, 100, 100, 100, 100, 80, 25, 100, 100, 100, 25, 80, 100, 100, 100, 65, 25, 60, 55, 50, 80, 100]
C:\Users\ESP\Documents\GitHub\AI-2014\RESIZED_30x30\W5.jpg [80, 45, 55, 85, 90, 100, 100, 85, 35, 50, 100, 100, 40, 55, 100, 100, 100, 100, 75, 40, 80, 65, 65, 55, 80]
C:\Users\ESP\Documents\GitHub\AI-2014\RESIZED_30x30\W6.jpg [90, 40, 65, 65, 75, 100, 100, 95, 25, 70, 100, 100, 60, 70, 95, 100, 100, 100, 90, 60, 75, 55, 65, 60, 95]
C:\Users\ESP\Documents\GitHub\AI-2014\RESIZED_30x30\W7.jpg [90, 40, 60, 65, 75, 100, 100, 100, 90, 80, 100, 100, 100, 25, 95, 100, 100, 90, 70, 25, 85, 20, 85, 95, 100]
C:\Users\ESP\Documents\GitHub\AI-2014\RESIZED_30x30\W8.jpg [90, 75, 45, 65, 75, 100, 100, 100, 85, 40, 100, 100, 80, 25, 80, 100, 100, 75, 25, 50, 85, 45, 80, 95, 100]
C:\Users\ESP\Documents\GitHub\AI-2014\RESIZED_30x30\W9.jpg [90, 75, 35, 40, 75, 100, 100, 100, 95, 35, 100, 100, 60, 35, 70, 100, 100, 100, 100, 50, 60, 55, 60, 50, 80]
C:\Users\ESP\Documents\GitHub\AI-2014\RESIZED_30x30\W10.jpg [75, 25, 55, 85, 90, 100, 100, 85, 35, 75, 100, 100, 80, 25, 85, 100, 100, 100, 85, 35, 80, 70, 55, 80, 95]
C:\Users\ESP\Documents\GitHub\AI-2014\RESIZED_30x30\X1.jpg [55, 65, 100, 80, 35, 95, 30, 10, 10, 85, 100, 100, 30, 95, 100, 95, 20, 20, 10, 85, 55, 75, 100, 90, 35]
C:\Users\ESP\Documents\GitHub\AI-2014\RESIZED_30x30\X2.jpg [65, 85, 100, 95, 40, 95, 35, 85, 50, 80, 100, 95, 0, 75, 100, 85, 35, 85, 25, 100, 55, 100, 100, 90, 75]
C:\Users\ESP\Documents\GitHub\AI-2014\RESIZED_30x30\X3.jpg [65, 85, 100, 80, 45, 100, 40, 80, 20, 90, 100, 100, 15, 70, 100, 100, 45, 70, 30, 85, 60, 70, 100, 95, 40]
C:\Users\ESP\Documents\GitHub\AI-2014\RESIZED_30x30\X4.jpg [85, 50, 100, 95, 45, 100, 85, 75, 25, 85, 100, 100, 15, 75, 100, 95, 25, 75, 25, 100, 55, 85, 100, 90, 40]
C:\Users\ESP\Documents\GitHub\AI-2014\RESIZED_30x30\X5.jpg [80, 75, 100, 95, 35, 100, 70, 60, 25, 85, 100, 100, 20, 70, 100, 95, 45, 75, 25, 100, 60, 85, 100, 95, 75]
C:\Users\ESP\Documents\GitHub\AI-2014\RESIZED_30x30\X6.jpg [90, 75, 100, 85, 80, 100, 85, 50, 30, 100, 100, 100, 30, 70, 100, 95, 25, 80, 30, 85, 55, 85, 100, 95, 35]
C:\Users\ESP\Documents\GitHub\AI-2014\RESIZED_30x30\X7.jpg [85, 50, 100, 95, 45, 100, 60, 85, 40, 80, 100, 100, 30, 75, 100, 95, 35, 75, 30, 85, 85, 85, 100, 90, 55]
C:\Users\ESP\Documents\GitHub\AI-2014\RESIZED_30x30\X8.jpg [85, 85, 100, 85, 75, 100, 55, 80, 30, 100, 100, 100, 15, 70, 100, 100, 75, 70, 45, 80, 60, 75, 100, 100, 40]
C:\Users\ESP\Documents\GitHub\AI-2014\RESIZED_30x30\X9.jpg [65, 85, 100, 95, 45, 95, 35, 100, 55, 85, 100, 95, 30, 70, 100, 100, 75, 70, 25, 100, 60, 70, 95, 85, 55]
C:\Users\ESP\Documents\GitHub\AI-2014\RESIZED_30x30\X10.jpg [55, 85, 100, 95, 35, 95, 50, 80, 30, 85, 100, 100, 20, 80, 100, 100, 90, 75, 35, 100, 80, 60, 100, 85, 55]
C:\Users\ESP\Documents\GitHub\AI-2014\RESIZED_30x30\Y1.jpg [70, 40, 95, 100, 100, 100, 55, 15, 80, 100, 100, 100, 60, 0, 5, 95, 45, 20, 85, 100, 70, 50, 95, 100, 100]
C:\Users\ESP\Documents\GitHub\AI-2014\RESIZED_30x30\Y2.jpg [90, 80, 100, 100, 100, 100, 75, 35, 85, 90, 100, 95, 50, 40, 45, 100, 70, 75, 100, 100, 95, 45, 95, 100, 100]
C:\Users\ESP\Documents\GitHub\AI-2014\RESIZED_30x30\Y3.jpg [80, 40, 95, 100, 100, 100, 85, 35, 95, 100, 100, 95, 30, 35, 55, 100, 40, 85, 100, 100, 75, 65, 100, 100, 100]
C:\Users\ESP\Documents\GitHub\AI-2014\RESIZED_30x30\Y4.jpg [90, 30, 95, 100, 100, 100, 85, 25, 70, 100, 100, 100, 80, 10, 25, 100, 75, 25, 95, 100, 85, 65, 95, 100, 100]
C:\Users\ESP\Documents\GitHub\AI-2014\RESIZED_30x30\Y5.jpg [80, 40, 95, 100, 100, 100, 85, 35, 85, 90, 100, 100, 60, 40, 45, 100, 75, 60, 100, 100, 85, 75, 95, 100, 100]
C:\Users\ESP\Documents\GitHub\AI-2014\RESIZED_30x30\Y6.jpg [90, 30, 95, 100, 100, 100, 85, 45, 95, 100, 100, 100, 60, 5, 5, 100, 80, 60, 95, 100, 85, 55, 95, 100, 100]
C:\Users\ESP\Documents\GitHub\AI-2014\RESIZED_30x30\Y7.jpg [80, 85, 100, 100, 100, 100, 85, 25, 90, 100, 100, 100, 95, 20, 35, 100, 75, 25, 85, 100, 85, 75, 95, 100, 100]
C:\Users\ESP\Documents\GitHub\AI-2014\RESIZED_30x30\Y8.jpg [90, 60, 100, 100, 100, 100, 60, 85, 100, 100, 100, 100, 15, 55, 55, 100, 70, 60, 100, 100, 75, 60, 95, 100, 100]
C:\Users\ESP\Documents\GitHub\AI-2014\RESIZED_30x30\Y9.jpg [65, 70, 100, 100, 100, 100, 25, 65, 100, 100, 100, 100, 45, 55, 60, 100, 50, 75, 100, 100, 85, 75, 100, 100, 100]
C:\Users\ESP\Documents\GitHub\AI-2014\RESIZED_30x30\Y10.jpg [70, 90, 100, 100, 100, 100, 50, 90, 100, 100, 100, 95, 25, 55, 60, 100, 90, 30, 95, 100, 95, 30, 95, 100, 100]
C:\Users\ESP\Documents\GitHub\AI-2014\RESIZED_30x30\Z1.jpg [70, 95, 100, 100, 20, 70, 95, 100, 35, 40, 70, 95, 60, 70, 55, 70, 80, 45, 100, 55, 70, 30, 95, 100, 55]
C:\Users\ESP\Documents\GitHub\AI-2014\RESIZED_30x30\Z2.jpg [85, 85, 100, 100, 20, 85, 85, 85, 30, 45, 85, 85, 30, 95, 60, 85, 50, 85, 100, 60, 90, 70, 100, 100, 65]
C:\Users\ESP\Documents\GitHub\AI-2014\RESIZED_30x30\Z3.jpg [70, 95, 100, 100, 35, 70, 95, 100, 35, 40, 70, 95, 30, 80, 55, 70, 60, 70, 100, 55, 70, 40, 100, 100, 55]
C:\Users\ESP\Documents\GitHub\AI-2014\RESIZED_30x30\Z4.jpg [70, 95, 100, 65, 30, 70, 95, 100, 55, 55, 70, 95, 40, 95, 55, 70, 50, 90, 100, 55, 70, 55, 100, 100, 55]
C:\Users\ESP\Documents\GitHub\AI-2014\RESIZED_30x30\Z5.jpg [70, 95, 100, 100, 10, 70, 95, 100, 30, 50, 70, 95, 50, 90, 55, 70, 80, 70, 100, 55, 75, 70, 100, 100, 55]
C:\Users\ESP\Documents\GitHub\AI-2014\RESIZED_30x30\Z6.jpg [70, 95, 100, 65, 30, 70, 95, 85, 40, 55, 70, 95, 50, 95, 55, 70, 80, 75, 100, 55, 70, 55, 100, 100, 55]
C:\Users\ESP\Documents\GitHub\AI-2014\RESIZED_30x30\Z7.jpg [70, 95, 100, 85, 10, 70, 95, 100, 30, 50, 70, 95, 50, 90, 55, 70, 80, 55, 100, 55, 75, 35, 95, 100, 55]
C:\Users\ESP\Documents\GitHub\AI-2014\RESIZED_30x30\Z8.jpg [70, 95, 100, 40, 40, 70, 95, 35, 75, 55, 70, 70, 65, 100, 55, 70, 25, 100, 100, 55, 70, 70, 100, 100, 55]
C:\Users\ESP\Documents\GitHub\AI-2014\RESIZED_30x30\Z9.jpg [55, 100, 95, 30, 35, 55, 100, 65, 85, 50, 55, 75, 55, 100, 50, 55, 40, 100, 100, 50, 50, 70, 100, 100, 50]
C:\Users\ESP\Documents\GitHub\AI-2014\RESIZED_30x30\Z10.jpg [70, 100, 100, 100, 35, 70, 95, 100, 25, 50, 70, 95, 40, 75, 55, 70, 90, 60, 100, 55, 70, 45, 100, 100, 55]